[1,0,0,[["cc.Skeleton",["_name","_hash","_joints","_bindposes"],0,12]],[[0,0,1,2,3,4]],[[0,"Skin-0",2349348933,["Bip001/Bip001 Pelvis","Bip001/Bip001 Pelvis/Bip001 Spine","Bip001/Bip001 Pelvis/Bip001 Spine/Bip001 Spine1","Bip001/Bip001 Pelvis/Bip001 Spine/Bip001 L Thigh","Bip001/Bip001 Pelvis/Bip001 Spine/Bip001 L Thigh/Bip001 L Calf","Bip001/Bip001 Pelvis/Bip001 Spine/Bip001 R Thigh","Bip001/Bip001 Pelvis/Bip001 Spine/Bip001 L Thigh/Bip001 L Calf/Bip001 L Foot","Bip001/Bip001 Pelvis/Bip001 Spine/Bip001 Spine1/Bip001 Neck/Bip001 Head","Bip001/Bip001 Pelvis/Bip001 Spine/Bip001 Spine1/Bip001 Neck/Bip001 L Clavicle/Bip001 L UpperArm","Bip001/Bip001 Pelvis/Bip001 Spine/Bip001 Spine1/Bip001 Neck/Bip001 L Clavicle/Bip001 L UpperArm/Bip001 L Forearm","Bip001/Bip001 Pelvis/Bip001 Spine/Bip001 Spine1/Bip001 Neck/Bip001 L Clavicle/Bip001 L UpperArm/Bip001 L Forearm/Bip001 L Hand","Bip001/Bip001 Pelvis/Bip001 Spine/Bip001 Spine1/Bip001 Neck/Bip001 L Clavicle","Bip001/Bip001 Pelvis/Bip001 Spine/Bip001 R Thigh/Bip001 R Calf","Bip001/Bip001 Pelvis/Bip001 Spine/Bip001 R Thigh/Bip001 R Calf/Bip001 R Foot","Bip001/Bip001 Pelvis/Bip001 Spine/Bip001 Spine1/Bip001 Neck/Bip001 R Clavicle/Bip001 R UpperArm","Bip001/Bip001 Pelvis/Bip001 Spine/Bip001 Spine1/Bip001 Neck/Bip001 R Clavicle","Bip001/Bip001 Pelvis/Bip001 Spine/Bip001 Spine1/Bip001 Neck/Bip001 R Clavicle/Bip001 R UpperArm/Bip001 R Forearm","Bip001/Bip001 Pelvis/Bip001 Spine/Bip001 Spine1/Bip001 Neck/Bip001 R Clavicle/Bip001 R UpperArm/Bip001 R Forearm/Bip001 R Hand","Bip001/Bip001 Pelvis/Bone_tail01","Bip001/Bip001 Pelvis/Bone_tail01/Bone_tail02"],[[[7,0.0000013868001360606286,0.0000027577070795814507,1,0,1,1.6291686222302815e-7,-0.0000013868005908079795,0,-1.6292068494294654e-7,1,-0.0000027577068522077752,0,-1.1090935468673706,2.1000424510475568e-7,0.0000015380904869743972,1],[7,1.0916177961561857e-9,-0.0000014026936696609482,1,0,0.9999996423721313,-0.000796155072748661,-2.208379257240267e-9,0,0.000796155072748661,0.9999996423721313,0.0000014026924191057333,0,-1.4229611158370972,0.0013667242601513863,3.790458613650571e-9,1],[7,1.0916177961561857e-9,-0.0000014026936696609482,1,0,0.9999996423721313,-0.000796155072748661,-2.208379257240267e-9,0,0.000796155072748661,0.9999996423721313,0.0000014026924191057333,0,-1.7161345481872559,0.0016001707408577204,4.437946010682481e-9,1],[7,-0.07180453091859818,0.000001396227844452369,-0.9974187612533569,0,-0.9904850125312805,0.11770719289779663,0.0713055357336998,0,0.11740346252918243,0.9930483102798462,-0.008450527675449848,0,1.137529730796814,-0.13054797053337097,0.4625020921230316,1],[7,-0.05992830544710159,-0.03955360874533653,-0.9974187612533569,0,-0.8914924263954163,-0.4473889172077179,0.0713055357336998,0,-0.4490545392036438,0.8934643268585205,-0.008450484834611416,0,0.5646453499794006,0.21626967191696167,0.4625020921230316,1],[7,0.07180467993021011,0.0000013687281352758873,-0.9974187016487122,0,-0.9904850125312805,0.11770720034837723,-0.07130535691976547,0,0.11740326881408691,0.9930483102798462,0.00845328439027071,0,1.1375296115875244,-0.13054795563220978,-0.46250230073928833,1],[7,4.371138828673793e-8,0.029295073822140694,-0.9995708465576172,0,-1,1.6413129344527988e-7,-3.891985400628073e-8,0,1.6292068494294654e-7,0.9995708465576172,0.029295073822140694,0,0.26359447836875916,0.0744747444987297,0.48568490147590637,1],[7,-0.004676576238125563,-0.0000014091348248257418,0.9999890327453613,0,0.9999890327453613,0.0000014930234328858205,0.004676576238125563,0,-0.000001499596919529722,1,0.000001402137172590301,0,-2.3733785152435303,-0.0000030506166694976855,-0.011099407449364662,1],[7,0.7969250679016113,-0.0000019154576875735074,0.6040781140327454,0,-0.6010600328445435,0.09983382374048233,0.7929438948631287,0,-0.060308948159217834,-0.9950040578842163,0.07955893129110336,0,0.5939767956733704,-0.2056482881307602,-2.1216626167297363,1],[7,0.7819591760635376,0.15371862053871155,0.6040781140327454,0,-0.6090292930603027,-0.017980754375457764,0.7929438948631287,0,0.13275201618671417,-0.9879509806632996,0.07955893129110336,0,0.09696964174509048,-0.19052159786224365,-2.1216626167297363,1],[7,0.6188832521438599,-0.7795042395591736,0.09672943502664566,0,-0.7776790857315063,-0.6253865361213684,-0.06408435851335526,0,0.11044731736183167,-0.03556372597813606,-0.9932454824447632,0,0.13676631450653076,2.1575260162353516,-0.03215079382061958,1],[7,1,-0.0000013709068298339844,4.371132789060539e-8,0,-4.3711551711567154e-8,-1.6292068494294654e-7,1,0,-0.0000013709068298339844,-1,-1.629207417863654e-7,0,-0.24134418368339539,-1.1995864213076857e-7,-2.059905767440796,1],[7,0.059926919639110565,0.039555974304676056,-0.9974187016487122,0,-0.8914924263954163,-0.4473889470100403,-0.07130535691976547,0,-0.4490547180175781,0.893464207649231,0.00845320988446474,0,0.5646452903747559,0.21626965701580048,-0.46250230073928833,1],[7,4.371138828673793e-8,-0.029292328283190727,-0.9995708465576172,0,-1,1.6157035531705333e-7,-4.8464958268823466e-8,0,1.6292068494294654e-7,0.9995708465576172,-0.029292328283190727,0,0.26359453797340393,0.0744747444987297,-0.48568499088287354,1],[7,-0.7969252467155457,-8.07653464107716e-7,0.604077935218811,0,-0.6010600924491882,0.09983381628990173,-0.7929438352584839,0,-0.06030677258968353,-0.9950040578842163,-0.07956058531999588,0,0.5939769148826599,-0.205648273229599,2.1216626167297363,1],[7,-1,-0.0000013709068298339844,4.371144868287047e-8,0,-4.3711224861908704e-8,-1.6292068494294654e-7,-1,0,0.0000013709068298339844,-1,1.6292062809952768e-7,0,-0.24134418368339539,-1.1995862791991385e-7,2.059905767440796,1],[7,-0.781958818435669,-0.15372133255004883,0.604077935218811,0,-0.6090292930603027,-0.017980756238102913,-0.7929438948631287,0,0.1327541619539261,-0.9879506230354309,-0.07956058531999588,0,0.09696964174509048,-0.19052161276340485,2.1216626167297363,1],[7,-0.618882954120636,0.779504120349884,0.09673216193914413,0,-0.7776790857315063,-0.6253865957260132,0.06408435851335526,0,0.11044901609420776,-0.03556586056947708,0.9932452440261841,0,0.13676634430885315,2.1575260162353516,0.032150790095329285,1],[7,-2.168603714380879e-7,-9.420937630011395e-8,-1,0,-0.10249355435371399,-0.9947336912155151,1.1594003268555753e-7,0,-0.9947336912155151,0.10249355435371399,2.0606245243470767e-7,0,-0.3816826343536377,1.0642136335372925,-2.034229851233249e-8,1],[7,-1.519792789395069e-7,-1.511575788981645e-7,-1,0,0.18010827898979187,-0.9836466312408447,1.2131295079598203e-7,0,-0.9836466312408447,-0.18010827898979187,1.767187001178172e-7,0,-1.4405454397201538,0.6884260177612305,-3.770523449020402e-8,1]],8,8,8,8,8,8,8,8,8,8,8,8,8,8,8,8,8,8,8,8]]],0,0,[],[],[]]
